
--20000272  ddo org
--
--012	    30076633	14457107
--003	    30076633	14457107 DDO HOD
--
  --003	  M  30076635	14132412
  --003	  C  30076637	15012643
  --003	  C  30076638	14113685
  --003	  C  30076640	14069732
  --003	  C  30076641	14076058
  --003	  C  30076642	14113693
  --003	  S  30076643	14112755
--003	     30076644	14064429
--003	     30076645	14471490
--
--05010703002 ddo
--
--0501 sto
--0541 pao
--
--20000107 sto org


--012	30001258	14093352  STO HOD
--003	30001258	14093352


--003	M 30002026	14408633
--003	C 30002029	14115863
--003	C 30002030	14112359
--003	C 30002031	14124066
--003	C 30002032	14136242
--003	C 30002035	14131535
--003	S 30002036	15092106

--
--003 30002027	14359545
--003	30002028	14359545

003	30002040	14115049
003	30002047	14135197
003	30002049	14121457
003	30002051	14136951
003	30002052	14128027
003	30002053	14419110
003	30002054	14137109
003	30002055	14112340
003	30002056	14134267
003	30002057	14131500
003	30002058	14131549
003	30002059	14131500
003	30002060	14112356
003	30002061	14112357
003	30002062	14134303
003	30002063	14112351
003	30002064	14116483
003	30002065	14419111
003	30002066	14112359
003	30002067	14112351
003	30002068	14123256
003	30002069	14137108
003	30002070	14135578
003	30002071	14124064
003	30002072	14112351
003	30002073	14136242
003	30002074	14112355
003	30002075	14112147
003	30002077	14471753
003	30002078	14117514
003	30002079	14117862
003	30002081	14120741
003	30002082	14120868
003	30002083	14129785
003	30002085	14134123
003	30002086	14419092
003	30002087	14115062
003	30002089	14124066
003	30002091	14134122
003	30002093	14137103
003	30002094	14457830
003	30002095	14135573
003	30002096	14115860
003	30002097	14471753
003	30002098	14134589
003	30002099	14134589
003	30002100	14136393
003	30002101	14119553
003	30002102	14112145
003	30002103	14124538
003	30002104	14412458
003	30002105	14116481
003	30002106	14128074
003	30002107	14366322
003	30002108	14116481
003	30002109	14086833











--012   30076633	14457107 DDO HOD
  --003	  M  30076635	14132412
--003	  C  30076637	15012643
--003	  C  30076638	14113685
--003	  C  30076640	14069732
--003	  C  30076641	14076058
--003	  C  30076642	14113693
--003	  S  30076643	14112755


--012	30001258	14093352  STO HOD
--003	M 30002026	14408633
--003	C 30002029	14115863
--003	C 30002030	14112359
--003	C 30002031	14124066
--003	C 30002032	14136242
--003	C 30002035	14131535
--003	S 30002036	15092106
